R0 = ...
[1 0 0;
0 1 0;
0 0 1];



R1 = ...
[1 0 0;
0 1 0;
0 0 1];



R2 = ...
[1 0 0;
0 1 0;
0 0 1];



a0 = 0;
b0 = 0;
t0 = 1;
a1 = 0;
b1 = 0;
t1 = 1;
x0 = 0.0575724;
y0 = -0.0593987;
z0 = 0.996573;
x1 = 0.0607796;
y1 = 0.0139526;
z1 = 0.998054;
m0 = ...
[-0.0484799 -0.0321786 0.0572634 0.0320315 -0.161287 -0.0464368 0.123491 0.0895301 0.269985 0.297 0.378429 0.247128 0.142363 0.177853 0.22683 0.0307643 0.215536 0.205389 0.285323 0.0422773 0.319463 0.334025 0.433555 0.422117 0.399174 0.444147 0.34577 ;
-0.239526 0.0796793 -0.110389 -0.323758 -0.532035 -0.151795 0.00229962 -0.0573797 -0.268852 -0.0770764 -0.159568 -0.139984 -0.123986 -0.526098 0.000464372 0.0047576 0.073443 0.14776 -0.00110683 -0.152075 -0.21954 0.16533 -0.00307518 0.0847128 -0.305593 -0.0899267 0.0809354 ;
1 1 1 1 1 1 1 1 1 1 1 1 1 1 1 1 1 1 1 1 1 1 1 1 1 1 1 ];
m1 = ...
[-0.0328547 -0.0129757 0.049234 0.031747 -0.129238 -0.0316347 0.13984 0.112091 0.255467 0.274041 0.330965 0.237377 0.157677 0.128493 0.218109 0.0271222 0.246239 0.237294 0.302937 0.107522 0.292513 0.341308 0.42204 0.412324 0.348352 0.431287 0.349906 ;
-0.183841 0.0580237 -0.0782603 -0.252536 -0.410235 -0.114293 -0.0400989 -0.0858055 -0.248049 -0.104209 -0.166985 -0.150477 -0.136777 -0.427778 -0.0458253 0.0110428 0.0673476 0.126093 0.00831847 -0.210409 -0.210428 0.138506 0.0088777 0.0769549 -0.275175 -0.0568228 0.0727072 ;
1 1 1 1 1 1 1 1 1 1 1 1 1 1 1 1 1 1 1 1 1 1 1 1 1 1 1 ];
m2 = ...
[-0.0242424 -0.00793599 0.0493156 0.0347968 -0.112184 -0.0236496 0.127999 0.104331 0.230456 0.243703 0.292338 0.213449 0.144798 0.126978 0.195328 0.0282887 0.217422 0.209439 0.265615 0.101802 0.261265 0.295618 0.363654 0.3541 0.309087 0.372227 0.303338 ;
-0.168843 0.0495018 -0.0723684 -0.231353 -0.384748 -0.106287 -0.0367465 -0.0778915 -0.218903 -0.0912475 -0.144732 -0.132697 -0.12248 -0.399278 -0.0407511 0.00786428 0.0583352 0.109071 0.0073718 -0.19024 -0.184273 0.119296 0.00848889 0.0667947 -0.239596 -0.0473886 0.0630005 ;
1 1 1 1 1 1 1 1 1 1 1 1 1 1 1 1 1 1 1 1 1 1 1 1 1 1 1 ];
