R0 = ...
[1 0 0;
0 1 0;
0 0 1];



R1 = ...
[1 0 0;
0 1 0;
0 0 1];



R2 = ...
[1 0 0;
0 1 0;
0 0 1];



a0 = 0;
b0 = 0;
t0 = 1;
a1 = 0;
b1 = 0;
t1 = 1;
x0 = 0.0998415;
y0 = -0.40297;
z0 = -0.909751;
x1 = 0.0575724;
y1 = -0.0593987;
z1 = 0.996573;
m0 = ...
[-0.0426121 0.0646711 0.0665916 -0.00723196 0.125459 0.300167 0.450339 0.203176 0.217698 0.209789 0.296221 0.401735 0.395095 0.459755 0.446783 0.0336088 0.13517 0.1646 0.219403 0.439519 ;
0.0981631 -0.136089 -0.313403 -0.292009 -0.0325396 -0.429965 -0.204117 -0.120042 0.00740816 0.0529264 -0.220281 -0.00074107 0.0984735 -0.331133 -0.14011 0.125567 -0.230349 -0.0751162 -0.210081 -0.25783 ;
1 1 1 1 1 1 1 1 1 1 1 1 1 1 1 1 1 1 1 1 ];
m1 = ...
[-0.0321786 0.0572634 0.0320315 -0.0464368 0.123491 0.269985 0.378429 0.247128 0.22683 0.215536 0.319463 0.433555 0.422117 0.399174 0.444147 0.0557392 0.163353 0.182971 0.203977 0.463221 ;
0.0796793 -0.110389 -0.323758 -0.151795 0.00229962 -0.268852 -0.159568 -0.139984 0.000464372 0.073443 -0.21954 -0.00307518 0.0847128 -0.305593 -0.0899267 0.125597 -0.24243 -0.065394 -0.193739 -0.251391 ;
1 1 1 1 1 1 1 1 1 1 1 1 1 1 1 1 1 1 1 1 ];
m2 = ...
[-0.0129757 0.049234 0.031747 -0.0316347 0.13984 0.255467 0.330965 0.237377 0.218109 0.246239 0.292513 0.42204 0.412324 0.348352 0.431287 0.045633 0.176266 0.186042 0.205606 0.447468 ;
0.0580237 -0.0782603 -0.252536 -0.114293 -0.0400989 -0.248049 -0.166985 -0.150477 -0.0458253 0.0673476 -0.210428 0.0088777 0.0769549 -0.275175 -0.0568228 0.103039 -0.228425 -0.0940772 -0.191629 -0.18372 ;
1 1 1 1 1 1 1 1 1 1 1 1 1 1 1 1 1 1 1 1 ];
