R0 = ...
[1 0 0;
0 1 0;
0 0 1];



R1 = ...
[1 0 0;
0 1 0;
0 0 1];



R2 = ...
[1 0 0;
0 1 0;
0 0 1];



a0 = 0;
b0 = 0;
t0 = 1;
a1 = 0;
b1 = 0;
t1 = 1;
x0 = 0.310271;
y0 = 0.305834;
z0 = 0.90011;
x1 = -0.03979;
y1 = -0.533014;
z1 = 0.84517;
m0 = ...
[0.175435 -0.0742784 0.079417 0.0386393 -0.113772 0.147326 0.00763023 -0.0676922 0.0830509 -0.066426 0.049034 0.00274769 -0.43267 -0.346835 -0.399836 0.0890868 0.0187929 0.444473 -0.353919 0.40417 -0.494874 0.460361 ;
-0.187227 -0.389892 -0.280018 -0.388459 -0.443325 -0.486006 -0.204252 -0.194281 -0.209352 -0.125478 0.0777328 -0.27356 -0.388899 0.0320037 0.136891 -0.139171 -0.0608234 0.221783 0.0889095 -0.114998 -0.437063 -0.0345558 ;
1 1 1 1 1 1 1 1 1 1 1 1 1 1 1 1 1 1 1 1 1 1 ];
m1 = ...
[0.184442 -0.0287372 0.101989 0.0709576 -0.0640159 0.151414 0.0402506 -0.024143 0.104844 -0.0229941 0.0731989 0.035891 -0.481396 -0.329188 -0.492941 0.110027 0.0498235 0.486935 -0.377911 0.402251 -0.464941 0.499496 ;
-0.157051 -0.340646 -0.236771 -0.340065 -0.391104 -0.411435 -0.171102 -0.162123 -0.175923 -0.103478 0.0673628 -0.230566 -0.380746 0.0119166 0.0696787 -0.115578 -0.0482514 -0.0209138 0.043352 -0.155606 -0.429349 -0.372467 ;
1 1 1 1 1 1 1 1 1 1 1 1 1 1 1 1 1 1 1 1 1 1 ];
m2 = ...
[0.0296946 -0.0303227 0.0987636 0.0695599 -0.0673415 0.149471 0.0387628 -0.0239022 0.103161 -0.0226032 0.0705123 0.0357124 -0.483895 -0.328478 -0.219211 0.106801 0.0481043 0.344534 -0.37627 0.39965 -0.464171 0.498522 ;
-0.357447 -0.340044 -0.238695 -0.339507 -0.392712 -0.410741 -0.171157 -0.16431 -0.176033 -0.102246 0.0447724 -0.232339 -0.381564 0.0110478 -0.197474 -0.113581 -0.0474693 -0.142042 0.0432926 -0.158376 -0.427501 -0.374171 ;
1 1 1 1 1 1 1 1 1 1 1 1 1 1 1 1 1 1 1 1 1 1 ];
