R0 = ...
[1 0 0;
0 1 0;
0 0 1];



R1 = ...
[1 0 0;
0 1 0;
0 0 1];



R2 = ...
[1 0 0;
0 1 0;
0 0 1];



a0 = 0;
b0 = 0;
t0 = 1;
a1 = 0;
b1 = 0;
t1 = 1;
x0 = 0.0607796;
y0 = 0.0139526;
z0 = 0.998054;
x1 = -0.0375944;
y1 = 0.302646;
z1 = 0.952361;
m0 = ...
[-0.0328547 -0.0129757 0.049234 0.031747 -0.129238 -0.0316347 0.13984 0.112091 0.255467 0.274041 0.326719 0.330965 0.237377 0.157677 0.128493 0.218109 0.0969046 0.0186108 0.0271222 0.246239 0.311851 0.237294 0.12255 0.619653 0.114553 0.169341 0.302937 ;
-0.183841 0.0580237 -0.0782603 -0.252536 -0.410235 -0.114293 -0.0400989 -0.0858055 -0.248049 -0.104209 0.514642 -0.166985 -0.150477 -0.136777 -0.427778 -0.0458253 0.00983366 -0.389642 0.0110428 0.0673476 -0.0511834 0.126093 0.0605571 0.618262 0.111743 0.00950441 0.00831847 ;
1 1 1 1 1 1 1 1 1 1 1 1 1 1 1 1 1 1 1 1 1 1 1 1 1 1 1 ];
m1 = ...
[-0.0242424 -0.00793599 0.0493156 0.0347968 -0.112184 -0.0236496 0.127999 0.104331 0.230456 0.243703 0.345415 0.292338 0.213449 0.144798 0.126978 0.195328 0.090021 0.0245374 0.0282887 0.217422 0.273996 0.209439 0.111858 0.478675 0.104387 0.15294 0.265615 ;
-0.168843 0.0495018 -0.0723684 -0.231353 -0.384748 -0.106287 -0.0367465 -0.0778915 -0.218903 -0.0912475 0.501819 -0.144732 -0.132697 -0.12248 -0.399278 -0.0407511 0.00721743 -0.3643 0.00786428 0.0583352 -0.0440237 0.109071 0.0521943 0.50023 0.0972645 0.0073649 0.0073718 ;
1 1 1 1 1 1 1 1 1 1 1 1 1 1 1 1 1 1 1 1 1 1 1 1 1 1 1 ];
m2 = ...
[-0.0177548 -0.00231194 0.043353 0.0300538 -0.0994844 -0.0170569 0.135208 0.117426 0.240581 0.226988 0.440383 0.267937 0.205389 0.150088 0.108745 0.212853 0.0751554 0.0210037 0.0587701 0.231934 0.281638 0.225791 0.142269 0.608857 0.136243 0.177414 0.274709 ;
-0.138147 0.0410356 -0.0577054 -0.191187 -0.300252 -0.0867257 -0.0649481 -0.0966809 -0.184395 -0.110487 0.55912 -0.152012 -0.142481 -0.133834 -0.345604 -0.0331361 0.00656367 -0.314377 -0.0265724 0.0484939 -0.034078 0.0903669 0.0442736 0.549377 0.0822401 0.00691248 0.0075624 ;
1 1 1 1 1 1 1 1 1 1 1 1 1 1 1 1 1 1 1 1 1 1 1 1 1 1 1 ];
