R0 = ...
[1 0 0;
0 1 0;
0 0 1];



R1 = ...
[1 0 0;
0 1 0;
0 0 1];



R2 = ...
[1 0 0;
0 1 0;
0 0 1];



a0 = 0;
b0 = 0;
t0 = 1;
a1 = 0;
b1 = 0;
t1 = 1;
x0 = 0.726045;
y0 = -0.155113;
z0 = 0.669925;
x1 = 0.0998415;
y1 = -0.40297;
z1 = -0.909751;
m0 = ...
[0.297718 0.0536047 0.174775 0.107758 0.110457 0.175724 0.213898 0.451297 0.329644 0.289424 0.219795 0.208303 ;
-0.0278119 -0.0982758 -0.303868 -0.281733 -0.047986 -0.149 0.0177347 0.0807579 -0.302594 0.0220426 -0.123186 -0.200807 ;
1 1 1 1 1 1 1 1 1 1 1 1 ];
m1 = ...
[-0.0426121 0.0646711 0.0665916 -0.00723196 0.125459 0.203176 0.217698 0.395095 0.459755 0.0336088 0.1646 0.219403 ;
0.0981631 -0.136089 -0.313403 -0.292009 -0.0325396 -0.120042 0.00740816 0.0984735 -0.331133 0.125567 -0.0751162 -0.210081 ;
1 1 1 1 1 1 1 1 1 1 1 1 ];
m2 = ...
[-0.0321786 0.0572634 0.0320315 -0.0464368 0.123491 0.247128 0.22683 0.422117 0.399174 0.0557392 0.182971 0.203977 ;
0.0796793 -0.110389 -0.323758 -0.151795 0.00229962 -0.139984 0.000464372 0.0847128 -0.305593 0.125597 -0.065394 -0.193739 ;
1 1 1 1 1 1 1 1 1 1 1 1 ];
