R0 = ...
[1 -0 0;
0 1 -0;
0 0 1];



R1 = ...
[1 -0 0;
0 1 -0;
0 0 1];



R2 = ...
[1 -0 0;
0 1 -0;
0 0 1];



a0 = 0;
b0 = 0;
t0 = 1;
a1 = 0;
b1 = 0;
t1 = 1;
x0 = 0.267176;
y0 = 0.0383431;
z0 = 0.962885;
x1 = -0.0610297;
y1 = -0.940414;
z1 = 0.33451;
m0 = ...
[0.199718 -0.0654505 -0.090566 -0.0395404 -0.240951 -0.244995 -0.638276 0.76422 0.215841 -0.456549 0.764859 0.571449 -0.1499 -0.577067 0.0699054 0.0511611 -0.368806 -0.527654 0.758041 0.637086 -0.0369414 -0.12807 -0.235365 0.022738 -0.0123047 -0.170766 0.11569 0.799626 -0.577904 0.0580295 -0.183842 -0.208949 -0.0464435 -0.190264 0.537893 ;
0.0926541 0.0128469 -0.0635802 -0.0929253 -0.194111 -0.249665 0.141407 0.198404 -0.476681 -0.272185 0.266672 0.193132 -0.0385957 0.0565714 -0.120569 -0.275037 -0.253078 0.230844 0.108457 0.358082 -0.0390132 0.0166415 0.124565 -0.0660909 0.016604 -0.102942 -0.0873799 0.321354 0.109211 0.130991 0.0160012 -0.0385712 0.0751496 0.0728014 0.101779 ;
1 1 1 1 1 1 1 1 1 1 1 1 1 1 1 1 1 1 1 1 1 1 1 1 1 1 1 1 1 1 1 1 1 1 1 ];
m1 = ...
[0.192711 -0.0457523 -0.0735167 -0.0116164 -0.253204 -0.258418 -0.645372 0.750215 0.207001 -0.474436 0.750017 0.559347 -0.133157 -0.58626 0.0614056 0.0411637 -0.384467 -0.531378 0.745618 0.624126 -0.0179816 -0.109597 -0.241403 0.0429342 0.00888705 -0.180865 0.104716 0.783626 -0.585626 0.0517139 -0.166451 -0.188145 -0.025019 -0.171884 0.529389 ;
0.0620911 0.0124399 -0.0672754 -0.0981076 -0.224638 -0.281321 0.129181 0.160089 -0.518391 -0.303073 0.231112 0.156749 -0.0406638 0.0431895 -0.152492 -0.309518 -0.284723 0.216029 0.0688762 0.328307 -0.0420013 0.0161123 0.0966952 -0.0698018 0.0161006 -0.132626 -0.0609152 0.287612 0.0960376 0.100125 0.0160287 -0.0406677 0.0758523 0.0743746 0.0762223 ;
1 1 1 1 1 1 1 1 1 1 1 1 1 1 1 1 1 1 1 1 1 1 1 1 1 1 1 1 1 1 1 1 1 1 1 ];
m2 = ...
[0.194293 -0.0387603 -0.0660729 -0.00501802 -0.24359 -0.249059 -0.616412 0.744812 0.21387 -0.462351 0.744558 0.540465 -0.124768 -0.561274 0.0674014 0.0477745 -0.373678 -0.507347 0.74206 0.599257 -0.0113953 -0.10154 -0.230441 0.0488104 0.0149086 -0.171751 0.109587 0.770386 -0.560061 0.0565553 -0.15735 -0.178776 -0.0185444 -0.162614 0.513476 ;
0.0439896 -0.00656527 -0.085281 -0.11579 -0.241661 -0.298574 0.112398 0.141461 -0.536975 -0.320569 0.216047 0.137082 -0.0591029 0.0301131 -0.169746 -0.326511 -0.302574 0.19528 0.0492857 0.307011 -0.0602018 -0.0030338 0.0759073 -0.0876569 -0.00276039 -0.150238 -0.0787027 0.295481 0.0808436 0.080055 -0.00325823 -0.0592319 0.0559324 0.0541467 0.0641878 ;
1 1 1 1 1 1 1 1 1 1 1 1 1 1 1 1 1 1 1 1 1 1 1 1 1 1 1 1 1 1 1 1 1 1 1 ];
