R0 = ...
[0.974866 0.0314379 0.220565;
-0.0331195 0.999444 0.00392904;
-0.220318 -0.0111353 0.975364];



R1 = ...
[0.972894 0.0289425 0.229432;
-0.030446 0.999532 0.00301547;
-0.229238 -0.00991903 0.97332];



R2 = ...
[0.960927 0.0298938 0.275182;
-0.0263798 0.999516 -0.0164629;
-0.275541 0.00856043 0.961251];



a0 = 0;
b0 = 0;
t0 = 1;
a1 = 0;
b1 = 0;
t1 = 1;
x0 = 0.104554;
y0 = -0.348316;
z0 = 0.931528;
x1 = -0.0111333;
y1 = 0.148485;
z1 = -0.988852;
m0 = ...
[-0.115661 -0.18084 -0.573705 -0.531654 0.0931397 0.479798 0.177826 0.399305 0.0368191 -0.473372 -0.00429566 -0.519289 -0.385692 -0.54419 0.132867 0.253523 0.177522 0.252469 0.185967 0.228519 0.182669 0.139031 -0.0375941 ;
-0.695007 -0.686115 -0.230988 0.129582 -0.649296 -0.140315 -0.718816 -0.272627 -0.712825 -0.261645 -0.633878 0.0609853 -0.199617 0.230502 -0.0244635 -0.0639634 -0.0756235 -0.00218613 0.0290592 0.0716263 0.127457 0.0789175 -0.228091 ;
1 1 1 1 1 1 1 1 1 1 1 1 1 1 1 1 1 1 1 1 1 1 1 ];
m1 = ...
[-0.179883 -0.245269 -0.638586 -0.551579 0.0321002 0.38171 0.0750505 0.384539 -0.0265996 -0.532363 -0.0662411 -0.541228 -0.369046 -0.551261 0.124785 0.237189 0.166596 0.237365 0.175485 0.216934 0.174024 0.132347 -0.0974318 ;
-0.680935 -0.675477 -0.227326 0.12932 -0.540048 -0.125861 -0.668051 -0.272251 -0.673713 -0.255539 -0.519011 0.0680752 -0.257639 0.222395 -0.019218 -0.0564934 -0.0669332 0.00165576 0.0306552 0.071425 0.123964 0.0788301 -0.215653 ;
1 1 1 1 1 1 1 1 1 1 1 1 1 1 1 1 1 1 1 1 1 1 1 ];
m2 = ...
[-0.225713 -0.291589 -0.689586 -0.568359 0.00959896 0.317432 0.166634 0.413192 -0.0706728 -0.576863 -0.111137 -0.559158 -0.419452 -0.568318 0.133585 0.239522 0.173662 0.24144 0.183158 0.22385 0.183137 0.143548 -0.137499 ;
-0.663692 -0.660741 -0.219718 0.13604 -0.579774 -0.108721 -0.653839 -0.225659 -0.641059 -0.245484 -0.553991 0.0732715 -0.253973 0.226502 -0.00800761 -0.0444544 -0.0528775 0.0106601 0.0397904 0.078596 0.128888 0.0871294 -0.248947 ;
1 1 1 1 1 1 1 1 1 1 1 1 1 1 1 1 1 1 1 1 1 1 1 ];
