R0 = ...
[0.840269 -0.0508652 -0.539779;
0.033411 0.998555 -0.0420866;
0.54114 0.0173295 0.840754];



R1 = ...
[0.814756 -0.0140023 -0.579635;
0.0274694 0.999518 0.0144665;
0.579153 -0.0277089 0.814747];



R2 = ...
[0.774106 -0.0315308 -0.63227;
0.0244402 0.999503 -0.0199215;
0.632583 -3.14538e-05 0.774492];



a0 = 0;
b0 = 0;
t0 = 1;
a1 = 0;
b1 = 0;
t1 = 1;
x0 = -0.193596;
y0 = 0.32505;
z0 = -0.925669;
x1 = 0.452481;
y1 = 0.191897;
z1 = -0.870882;
m0 = ...
[0.0339233 0.23307 -0.201929 -0.145016 0.103295 -0.0868482 0.13459 0.0147504 0.195829 0.273944 0.254867 0.0397798 0.461647 0.587544 -0.00641179 0.154326 ;
0.000681346 -0.247643 -0.533457 -0.591896 -0.0764451 -0.611862 -0.325682 -0.398984 -0.353577 -0.171169 -0.400318 -0.0889296 -0.0103732 -0.0388894 -0.30657 -0.399889 ;
1 1 1 1 1 1 1 1 1 1 1 1 1 1 1 1 ];
m1 = ...
[0.0846868 0.319599 -0.176324 -0.109397 0.0794157 -0.046878 0.152455 0.0644247 0.265522 0.373807 0.333566 0.0170831 0.496965 0.615772 0.0406148 0.174811 ;
-0.00515309 -0.299995 -0.579054 -0.645047 -0.0989999 -0.67075 -0.36476 -0.442619 -0.399768 -0.211477 -0.451615 -0.0926685 -0.0166742 -0.023287 -0.341539 -0.44584 ;
1 1 1 1 1 1 1 1 1 1 1 1 1 1 1 1 ];
m2 = ...
[0.0537177 0.383659 -0.186106 -0.0650273 0.060572 -0.00215929 0.158864 0.113894 0.277764 0.375022 0.39928 -0.000165054 0.467319 0.583286 0.0891598 0.182718 ;
-0.00115997 -0.334233 -0.587695 -0.671493 -0.104067 -0.713827 -0.388026 -0.469233 -0.426983 -0.220717 -0.489055 -0.0976266 -0.0249151 -0.032155 -0.363459 -0.473721 ;
1 1 1 1 1 1 1 1 1 1 1 1 1 1 1 1 ];
