R0 = ...
[1 0 0;
0 1 0;
0 0 1];



R1 = ...
[1 0 0;
0 1 0;
0 0 1];



R2 = ...
[1 0 0;
0 1 0;
0 0 1];



a0 = 0;
b0 = 0;
t0 = 1;
a1 = 0;
b1 = 0;
t1 = 1;
x0 = -0.105913;
y0 = -0.419339;
z0 = 0.90163;
x1 = 0.726045;
y1 = -0.155113;
z1 = 0.669925;
m0 = ...
[0.293114 -0.0989638 0.0836485 0.184793 0.173331 0.279777 0.190082 0.20718 0.0747838 -0.311295 0.347285 0.220755 0.178692 ;
-0.0667625 -0.40122 -0.363056 -0.149043 0.00870467 0.00901878 -0.0994752 -0.197891 -0.0975135 0.0968661 -0.181899 -0.0523492 -0.299622 ;
1 1 1 1 1 1 1 1 1 1 1 1 1 ];
m1 = ...
[0.297718 0.0536047 0.107758 0.175724 0.213898 0.289424 0.219795 0.208303 0.112842 -0.339965 0.239831 0.226169 0.203716 ;
-0.0278119 -0.0982758 -0.281733 -0.149 0.0177347 0.0220426 -0.123186 -0.200807 -0.138034 -0.038478 -0.385363 -0.0480252 -0.35254 ;
1 1 1 1 1 1 1 1 1 1 1 1 1 ];
m2 = ...
[-0.0426121 0.0646711 -0.00723196 0.203176 0.217698 0.0336088 0.1646 0.219403 0.100099 -0.321822 0.059979 0.188298 0.0232584 ;
0.0981631 -0.136089 -0.292009 -0.120042 0.00740816 0.125567 -0.0751162 -0.210081 -0.173951 -0.0123723 -0.394512 -0.036197 -0.362343 ;
1 1 1 1 1 1 1 1 1 1 1 1 1 ];
