R0 = ...
[-0.971954 -0.112532 -0.206499;
0.097588 -0.991908 0.0812135;
-0.213967 0.0587839 0.97507];



R1 = ...
[-0.971933 -0.11275 -0.20648;
0.0977937 -0.991881 0.0812939;
-0.21397 0.0588197 0.975068];



R2 = ...
[-0.971934 -0.112723 -0.20649;
0.0977324 -0.991875 0.0814434;
-0.213993 0.0589769 0.975053];



a0 = 0;
b0 = 0;
t0 = 1;
a1 = 0;
b1 = 0;
t1 = 1;
x0 = 0.228143;
y0 = -0.409569;
z0 = 0.883292;
x1 = 0.0801243;
y1 = -0.98732;
z1 = 0.137038;
m0 = ...
[0.11259 0.139553 -0.0225756 0.261045 0.0344886 -0.0662632 -0.379364 -0.0959334 0.180417 0.125793 0.0667527 -0.0555513 -0.144137 -0.123459 0.0120132 0.348763 0.0428329 0.105339 -0.0361018 0.343464 -0.00598423 0.185843 0.276386 0.0510981 -0.0991071 0.437865 -0.43913 0.353907 -0.510383 0.438287 -0.143654 0.436779 0.0816334 0.197284 -0.0328119 0.0750555 -0.0754899 0.272823 0.191373 0.202352 0.207367 0.520583 -0.085539 0.058956 0.526476 0.119485 -0.0446832 0.346749 0.00302624 0.352474 0.435802 0.268862 -0.154606 0.350689 -0.0141992 0.438179 0.132651 0.435314 0.532394 -0.134372 ;
0.0594337 -0.203745 0.056851 0.141249 0.130047 -0.0735121 -0.473744 0.122673 0.137199 -0.0799462 -0.139095 -0.131817 0.0528716 -0.0717472 -0.194688 0.0630074 0.0581035 0.133805 -0.239923 0.230422 -0.0755244 0.0599413 -0.152311 -0.0107909 -0.183843 -0.0144658 -0.494298 -0.157633 -0.781259 0.149499 -0.558177 -0.161586 -0.252655 -0.0823383 0.126411 -0.197804 -0.0101344 -0.0845108 -0.0130475 -0.148071 -0.210296 -0.236256 0.0549279 -0.07699 -0.0932226 -0.0115076 -0.187384 0.14518 -0.136825 -0.0886245 -0.228337 -0.0138369 0.120688 -0.0146973 -0.0104868 0.0656307 -0.143715 -0.5626 0.0673432 -0.00975426 ;
1 1 1 1 1 1 1 1 1 1 1 1 1 1 1 1 1 1 1 1 1 1 1 1 1 1 1 1 1 1 1 1 1 1 1 1 1 1 1 1 1 1 1 1 1 1 1 1 1 1 1 1 1 1 1 1 1 1 1 1 ];
m1 = ...
[0.112596 0.13955 -0.022567 0.261048 0.0344887 -0.0662602 -0.379362 -0.0959313 0.180422 0.125785 0.0667397 -0.055554 -0.144132 -0.123457 0.012008 0.34877 0.0428406 0.105342 -0.036088 0.343468 -0.00597622 0.185849 0.276394 0.0510827 -0.0991031 0.437861 -0.439136 0.353916 -0.510374 0.438283 -0.143663 0.436786 0.0816306 0.197288 -0.0328125 0.0750462 -0.0754806 0.272834 0.191379 0.20236 0.207373 0.520573 -0.0855452 0.0589616 0.526493 0.11948 -0.0446822 0.346736 0.0030301 0.35246 0.435805 0.268862 -0.154602 0.350669 -0.014204 0.438176 0.132657 0.435319 0.532396 -0.134359 ;
0.0594314 -0.203742 0.0568472 0.141253 0.13005 -0.0735108 -0.473768 0.122682 0.137195 -0.0799548 -0.1391 -0.131823 0.0528668 -0.0717422 -0.194692 0.0630018 0.0580959 0.13379 -0.23993 0.230425 -0.075526 0.0599329 -0.152314 -0.0107954 -0.183848 -0.0144606 -0.494321 -0.157631 -0.781245 0.149496 -0.55818 -0.161586 -0.252656 -0.0823351 0.126405 -0.197789 -0.0101366 -0.0845052 -0.0130483 -0.148067 -0.210305 -0.236255 0.0549304 -0.0769967 -0.093217 -0.0115155 -0.187399 0.145175 -0.136817 -0.0886148 -0.228336 -0.0138427 0.120691 -0.0146987 -0.010486 0.0656231 -0.143722 -0.562632 0.0673504 -0.00975259 ;
1 1 1 1 1 1 1 1 1 1 1 1 1 1 1 1 1 1 1 1 1 1 1 1 1 1 1 1 1 1 1 1 1 1 1 1 1 1 1 1 1 1 1 1 1 1 1 1 1 1 1 1 1 1 1 1 1 1 1 1 ];
m2 = ...
[0.112592 0.139551 -0.0225739 0.261044 0.0344926 -0.0662557 -0.379354 -0.0959337 0.180414 0.125786 0.0667428 -0.0555563 -0.144131 -0.123465 0.012013 0.348758 0.0428352 0.105338 -0.0361035 0.343464 -0.00597722 0.185847 0.276392 0.0510792 -0.0990944 0.437865 -0.439139 0.353918 -0.510383 0.438274 -0.143663 0.436779 0.0816273 0.197284 -0.0328085 0.0750628 -0.0754868 0.272818 0.191368 0.20235 0.207366 0.520556 -0.0855436 0.058968 0.526497 0.119478 -0.0446897 0.346738 0.00303511 0.352472 0.435803 0.268875 -0.154596 0.350685 -0.0142028 0.438174 0.132652 0.435321 0.532381 -0.134381 ;
0.0594246 -0.203753 0.0568391 0.14126 0.130051 -0.0735247 -0.473759 0.122672 0.137194 -0.0799535 -0.1391 -0.131823 0.0528658 -0.0717445 -0.194681 0.0630046 0.0580946 0.133802 -0.239925 0.230419 -0.0755291 0.0599451 -0.152319 -0.0107975 -0.183845 -0.0144647 -0.494312 -0.157625 -0.781254 0.149495 -0.558185 -0.161589 -0.25264 -0.0823399 0.126406 -0.197788 -0.0101378 -0.0845112 -0.0130467 -0.148068 -0.210301 -0.236268 0.0549275 -0.0769853 -0.093235 -0.0115145 -0.18739 0.145183 -0.136823 -0.0886304 -0.22834 -0.0138348 0.12069 -0.0146894 -0.0104884 0.065619 -0.143716 -0.562608 0.0673424 -0.0097471 ;
1 1 1 1 1 1 1 1 1 1 1 1 1 1 1 1 1 1 1 1 1 1 1 1 1 1 1 1 1 1 1 1 1 1 1 1 1 1 1 1 1 1 1 1 1 1 1 1 1 1 1 1 1 1 1 1 1 1 1 1 ];
