R0 = ...
[0.670819 0.0174483 -0.741416;
-0.0259706 0.999663 2.81854e-05;
0.741166 0.0192361 0.671046];



R1 = ...
[0.652271 0.0167295 -0.757801;
-0.0268397 0.999639 -0.00103359;
0.75751 0.0210133 0.652485];



R2 = ...
[0.597098 0.0159003 -0.802011;
-0.0296287 0.999558 -0.00224184;
0.801621 0.0251011 0.597305];



a0 = 0;
b0 = 0;
t0 = 1;
a1 = 0;
b1 = 0;
t1 = 1;
x0 = 0.978048;
y0 = 0.179002;
z0 = -0.10668;
x1 = -nan;
y1 = -nan;
z1 = -nan;
m0 = ...
[-0.540265 ;
-0.76153 ;
1 ];
m1 = ...
[-0.486994 ;
-0.737858 ;
1 ];
m2 = ...
[-0.371509 ;
-0.697127 ;
1 ];
