R0 = ...
[1 0 0;
0 1 0;
0 0 1];



R1 = ...
[1 0 0;
0 1 0;
0 0 1];



R2 = ...
[1 0 0;
0 1 0;
0 0 1];



a0 = 0;
b0 = 0;
t0 = 1;
a1 = 0;
b1 = 0;
t1 = 1;
x0 = 0.195602;
y0 = 0.0585369;
z0 = -0.978935;
x1 = -0.481437;
y1 = -0.0763903;
z1 = 0.873145;
m0 = ...
[-0.215309 -0.903038 -0.307381 -0.614438 -0.672554 -0.500269 -0.744785 -0.878019 -0.272378 -0.520559 -0.233985 -0.36248 -0.731725 -0.172344 0.0724186 0.0411492 0.0547679 -0.103295 -0.145569 -0.0493997 -0.056717 -0.0354578 0.18751 0.172965 ;
-0.0318616 -0.345577 -0.356926 -0.195088 -0.369394 -0.299065 -0.321116 -0.207446 0.126026 -0.35286 0.0616715 0.0875644 -0.0556834 0.128091 0.0652211 0.00789279 -0.0431622 0.00775642 0.0511791 0.0581458 -0.0378405 0.00842681 0.00957559 0.0707513 ;
1 1 1 1 1 1 1 1 1 1 1 1 1 1 1 1 1 1 1 1 1 1 1 1 ];
m1 = ...
[-0.234006 -0.90734 -0.287529 -0.623653 -0.627615 -0.49994 -0.729878 -0.891586 -0.29324 -0.517155 -0.255519 -0.369591 -0.75339 -0.161689 0.0919194 0.0659353 0.0825888 -0.0829413 -0.130576 -0.0300267 -0.0330863 -0.0132605 0.209908 0.192438 ;
0.0526207 -0.322691 -0.391124 -0.204681 -0.389675 -0.303161 -0.333624 -0.227375 0.165018 -0.373699 0.107719 0.107516 -0.07651 0.101986 0.0447255 -0.0104501 -0.0571036 -0.0231559 0.0165325 0.029609 -0.062394 -0.0167901 0.00197279 0.0580012 ;
1 1 1 1 1 1 1 1 1 1 1 1 1 1 1 1 1 1 1 1 1 1 1 1 ];
m2 = ...
[-0.123907 -0.859898 -0.361234 -0.703934 -0.680098 -0.579764 -0.733113 -0.871523 -0.349728 -0.586974 -0.255539 -0.41502 -0.792539 -0.182265 0.0710573 0.0433705 0.0582026 -0.104091 -0.151395 -0.0510064 -0.0572701 -0.0348689 0.183296 0.1676 ;
-0.16274 -0.344926 -0.366643 -0.201191 -0.354202 -0.248056 -0.281555 -0.23601 0.178638 -0.330243 0.0377747 0.173814 -0.0507275 0.0938749 0.0427866 -0.011541 -0.0568936 -0.0264222 0.0116811 0.0253048 -0.0658149 -0.0192256 0.00357247 0.0566134 ;
1 1 1 1 1 1 1 1 1 1 1 1 1 1 1 1 1 1 1 1 1 1 1 1 ];
