R0 = ...
[-0.223503 -0.0504067 -0.973399;
-0.0335005 0.998469 -0.0440128;
0.974127 0.0227724 -0.22485];



R1 = ...
[-0.105723 -0.0550432 -0.992871;
-0.0335933 0.998095 -0.0517557;
0.993828 0.0278821 -0.10737];



R2 = ...
[0.0880175 -0.0285648 -0.995709;
-0.041233 0.998628 -0.0322934;
0.995265 0.0438985 0.0867189];



a0 = 0;
b0 = 0;
t0 = 1;
a1 = 0;
b1 = 0;
t1 = 1;
x0 = -0.956793;
y0 = -0.232785;
z0 = -0.174236;
x1 = -nan;
y1 = -nan;
z1 = -nan;
m0 = ...
[;
;
];
m1 = ...
[;
;
];
m2 = ...
[;
;
];
