R0 = ...
[0.780984 0.0249762 -0.624051;
-0.0561135 0.997965 -0.0302835;
0.622025 0.0586686 0.780797];



R1 = ...
[0.91375 0.00906396 -0.406177;
-0.0366117 0.997521 -0.0601031;
0.404625 0.06979 0.911816];



R2 = ...
[0.998211 0.0422375 -0.0423256;
-0.0434641 0.998649 -0.0284913;
0.041065 0.03028 0.998698];



a0 = 0;
b0 = 0;
t0 = 1;
a1 = 0;
b1 = 0;
t1 = 1;
x0 = 0.943235;
y0 = -0.236247;
z0 = 0.233444;
x1 = 0.975653;
y1 = 0.142944;
z1 = 0.166338;
m0 = ...
[0.470735 -0.559878 ;
-0.215524 -0.0530667 ;
1 1 ];
m1 = ...
[0.509909 -0.652073 ;
-0.245959 -0.087783 ;
1 1 ];
m2 = ...
[0.250396 -0.168042 ;
-0.251325 0.0195166 ;
1 1 ];
