R0 = ...
[-0.149422 0.0876843 0.984878;
-0.00533582 -0.996117 0.0878754;
0.988759 0.00787543 0.14931];



R1 = ...
[-0.132782 0.12673 0.98301;
-0.00813903 -0.991898 0.126776;
0.991112 0.0088329 0.132738];



R2 = ...
[-0.106335 0.0930602 0.989966;
-0.00463021 -0.995646 0.0930968;
0.99432 0.00531569 0.106303];



a0 = 0;
b0 = 0;
t0 = 1;
a1 = 0;
b1 = 0;
t1 = 1;
x0 = 0.192506;
y0 = -0.65643;
z0 = 0.729411;
x1 = 0.264255;
y1 = 0.297979;
z1 = 0.917266;
m0 = ...
[-0.465487 0.587596 -0.694042 0.799013 0.192186 1.07739 0.409331 -0.102182 -0.182038 -0.885274 1.08359 0.327929 0.505772 0.931762 -0.349981 0.154225 -0.57322 -0.460901 -0.258057 0.0375296 0.674808 -0.627083 -0.237197 -1.01085 -0.412286 0.139134 -0.119593 0.560312 1.20971 -0.686992 -1.13627 0.889125 -0.784687 1.22037 0.300765 0.290177 ;
-0.3636 -0.344965 -0.528343 -0.28067 -0.318491 -0.325152 -0.378096 -0.0322123 -0.22423 -0.0909325 -0.117829 -0.140313 -0.00141207 -0.199311 -0.237376 -0.0889482 0.219804 0.516362 -0.385901 -0.217663 -0.101931 -0.153996 -0.0565274 0.300028 -0.0485857 -0.509297 -0.379429 -0.180642 -0.0363179 0.37845 0.199701 0.0901273 0.12077 -0.45713 0.35634 0.0212145 ;
1 1 1 1 1 1 1 1 1 1 1 1 1 1 1 1 1 1 1 1 1 1 1 1 1 1 1 1 1 1 1 1 1 1 1 1 ];
m1 = ...
[-0.44645 0.599841 -0.667712 0.815262 0.202693 1.09695 0.419223 -0.0854057 -0.166725 -0.789007 1.1068 0.340359 0.520703 0.950864 -0.331485 0.168206 -0.518105 -0.40729 -0.243501 0.0504288 0.687257 -0.571474 -0.219584 -0.87004 -0.379184 0.147936 -0.106892 0.57406 1.23302 -0.612882 -0.975626 0.897129 -0.69678 1.24094 0.307947 0.30443 ;
-0.353265 -0.35442 -0.50815 -0.293849 -0.320244 -0.343681 -0.383494 -0.0306911 -0.220764 -0.0792281 -0.136035 -0.144984 -0.00951345 -0.214269 -0.230318 -0.0909823 0.203057 0.470122 -0.378957 -0.217453 -0.110759 -0.142036 -0.053909 0.265932 -0.0443655 -0.509315 -0.374957 -0.189378 -0.0539537 0.349357 0.175068 0.0746189 0.110114 -0.47953 0.335267 0.0157022 ;
1 1 1 1 1 1 1 1 1 1 1 1 1 1 1 1 1 1 1 1 1 1 1 1 1 1 1 1 1 1 1 1 1 1 1 1 ];
m2 = ...
[-0.411784 0.624544 -0.624849 0.843459 0.22433 1.12852 0.440508 -0.0625193 -0.141221 -0.646922 1.13445 0.357723 0.537412 0.97695 -0.298941 0.187447 -0.436649 -0.341429 -0.217403 0.0726573 0.701714 -0.48252 -0.193303 -0.652569 -0.326167 0.169085 -0.0814832 0.594749 1.25624 -0.509052 -0.755474 0.888253 -0.571315 1.24074 0.297907 0.319985 ;
-0.36567 -0.366324 -0.518668 -0.30477 -0.332861 -0.351089 -0.394885 -0.0493636 -0.23693 -0.0886458 -0.140585 -0.158053 -0.0211476 -0.222295 -0.242441 -0.106395 0.152715 0.382759 -0.394156 -0.23186 -0.127656 -0.146385 -0.0728763 0.198647 -0.0603739 -0.520576 -0.388833 -0.200673 -0.0546098 0.277815 0.113134 0.0670041 0.0712185 -0.480548 0.295336 0.000490973 ;
1 1 1 1 1 1 1 1 1 1 1 1 1 1 1 1 1 1 1 1 1 1 1 1 1 1 1 1 1 1 1 1 1 1 1 1 ];
