R0 = ...
[0.998151 0.0491547 0.0357673;
-0.0471778 0.997417 -0.0541612;
-0.0383372 0.0523736 0.997891];



R1 = ...
[0.984419 0.0595762 0.165438;
-0.0509035 0.997122 -0.0561802;
-0.168309 0.0468835 0.984619];



R2 = ...
[0.937385 0.0539423 0.344092;
-0.038677 0.997945 -0.0510798;
-0.346141 0.0345729 0.937545];



a0 = 0;
b0 = 0;
t0 = 1;
a1 = 0;
b1 = 0;
t1 = 1;
x0 = 0.331288;
y0 = 0.072998;
z0 = 0.940702;
x1 = 0.858289;
y1 = 0.0131038;
z1 = 0.512999;
m0 = ...
[-0.0953271 0.0445091 0.0610548 -0.0482076 0.0165569 -0.148917 -0.167321 -0.0177121 -0.122346 0.556925 ;
-0.367687 -0.0889822 -0.288766 -0.154401 -0.453894 -0.112754 -0.694691 -0.356304 -0.196088 -0.608801 ;
1 1 1 1 1 1 1 1 1 1 ];
m1 = ...
[-0.191275 -0.0578307 -0.0429661 -0.143338 -0.0884309 -0.241361 -0.281133 -0.120323 -0.215017 0.387185 ;
-0.32956 -0.0753618 -0.257819 -0.138845 -0.416963 -0.10307 -0.690557 -0.332506 -0.180597 -0.514441 ;
1 1 1 1 1 1 1 1 1 1 ];
m2 = ...
[-0.258476 -0.193007 -0.180311 -0.276783 -0.223974 -0.376904 -0.449321 -0.0747243 -0.349319 0.208802 ;
-0.314705 -0.0687102 -0.242108 -0.131997 -0.402633 -0.0996826 -0.717278 -0.305964 -0.17497 -0.502858 ;
1 1 1 1 1 1 1 1 1 1 ];
